,Gender,Married,Dependents,Education,Self_Employed,ApplicantIncome,CoapplicantIncome,LoanAmount,Loan_Amount_Term,Credit_History,Property_Area
0,1,1,0,0,0,5720,0,110,360,1,2
1,1,1,1,0,0,3076,1500,126,360,1,2
2,1,1,2,0,0,5000,1800,208,360,1,2
3,1,1,2,0,0,2340,2546,100,360,1,2
4,1,0,0,1,0,3276,0,78,360,1,2
5,1,1,0,1,1,2165,3422,152,360,1,2
6,0,0,1,1,0,2226,0,59,360,1,1
7,1,1,2,1,0,3881,0,147,360,0,0
8,1,1,2,0,0,13633,0,280,240,1,2
9,1,0,0,1,0,2400,2400,123,360,1,1
10,1,0,0,1,0,3091,0,90,360,1,2
11,1,1,1,0,0,2185,1516,162,360,1,1
12,1,0,3,0,0,4166,0,40,180,1,2
13,1,1,2,0,0,12173,0,166,360,0,1
14,0,0,0,0,0,4666,0,124,360,1,1
15,1,0,1,0,0,5667,0,131,360,1,2
16,1,1,2,0,0,4583,2916,200,360,1,2
17,1,1,3,0,0,3786,333,126,360,1,1
18,1,1,0,0,0,9226,7916,300,360,1,2
19,1,0,0,0,0,1300,3470,100,180,1,1
20,1,1,1,1,0,1888,1620,48,360,1,2
21,0,0,3,1,0,2083,0,28,180,1,2
22,1,0,0,0,0,3909,0,101,360,1,2
23,0,0,0,1,0,3765,0,125,360,1,2
24,1,1,0,0,0,5400,4380,290,360,1,2
25,1,0,0,0,0,0,24000,148,360,0,0
26,1,1,2,0,0,4363,1250,140,360,1,2
27,1,1,0,0,0,7500,3750,275,360,1,2
28,1,1,0,0,0,3772,833,57,360,1,1
29,1,0,0,0,0,2942,2382,125,180,1,2
30,0,0,0,1,0,2478,0,75,360,1,1
31,1,1,2,0,0,6250,820,192,360,1,2
32,1,0,0,0,0,3268,1683,152,360,1,1
33,1,1,0,0,0,2783,2708,158,360,1,2
34,1,1,0,0,0,2740,1541,101,360,1,2
35,1,0,0,0,0,3150,0,176,360,0,1
36,1,1,2,0,0,7350,4029,185,180,1,2
37,1,1,0,0,1,2267,2792,90,360,1,2
38,1,0,0,0,1,5833,0,116,360,1,2
39,1,0,0,0,0,3643,1963,138,360,1,2
40,1,1,0,0,0,5629,818,100,360,1,2
41,0,0,0,0,0,3644,0,110,360,1,2
42,1,1,0,1,0,1750,2024,90,360,1,1
43,1,0,0,0,0,6500,2600,200,360,1,1
44,0,0,0,0,0,3666,0,84,360,1,2
45,1,1,0,0,0,4260,3900,185,341,1,2
46,1,1,0,1,0,4163,1475,162,360,1,2
47,1,0,0,1,0,2356,1902,108,360,1,1
48,1,0,0,0,0,6792,3338,187,341,1,2
49,1,1,3,1,1,8000,250,187,360,1,1
50,1,1,1,0,0,2419,1707,124,360,1,2
51,1,1,3,1,0,3500,833,120,360,1,1
52,1,1,1,0,0,3500,3077,160,360,1,1
53,1,1,2,0,0,4116,1000,30,180,1,2
54,1,1,0,1,1,5293,0,92,360,1,2
55,1,0,0,0,0,2750,0,130,360,0,2
56,0,0,0,1,0,4402,0,130,360,1,0
57,1,1,2,0,0,3613,3539,134,180,1,1
58,0,1,2,0,0,2779,3664,176,360,0,1
59,1,1,3,0,0,4720,0,90,180,1,1
60,1,1,0,1,0,2415,1721,110,360,1,1
61,1,1,0,0,1,7016,292,125,360,1,2
62,0,0,2,0,0,4968,0,189,360,1,1
63,0,0,0,0,0,2101,1500,108,360,0,0
64,1,1,3,1,0,4490,0,125,360,1,2
65,1,1,0,0,0,2917,3583,138,360,1,1
66,1,1,0,1,0,4700,0,135,360,0,1
67,1,1,0,0,0,3445,0,130,360,0,1
68,1,1,0,0,0,7666,0,187,360,1,1
69,1,1,0,0,0,2458,5105,188,360,0,0
70,0,0,0,0,0,3250,0,95,360,1,1
71,1,0,0,0,0,4463,0,65,360,1,1
72,1,1,1,0,0,4083,1775,139,60,1,2
73,1,1,0,0,1,3900,2094,232,360,1,0
74,1,1,0,1,0,4750,3583,144,360,1,1
75,1,0,0,0,0,3583,3435,155,360,1,2
76,1,1,0,0,0,3189,2367,186,360,1,2
77,1,0,0,0,1,6356,0,50,360,1,0
78,0,1,0,0,0,7950,0,185,360,1,2
79,1,1,3,0,0,3829,1103,163,360,0,2
80,1,1,3,0,0,72529,0,360,360,1,2
81,1,1,2,1,0,4136,0,149,480,0,0
82,1,1,0,0,0,8449,0,257,360,1,0
83,1,1,0,0,0,4456,0,131,180,0,1
84,1,1,2,0,0,4635,8000,102,180,1,0
85,1,1,0,0,0,3571,1917,135,360,1,2
86,1,0,0,0,0,3066,0,95,360,1,1
87,1,0,2,1,0,3235,2015,77,360,1,1
88,0,0,0,0,0,5058,0,200,360,1,0
89,1,1,0,0,1,3188,2286,130,360,1,0
90,1,1,3,0,0,13518,0,390,360,1,0
91,1,1,1,0,0,4364,2500,185,360,1,1
92,1,1,2,1,0,4766,1646,100,360,1,1
93,1,1,1,0,0,4609,2333,123,360,0,1
94,0,1,3,0,0,6260,0,110,360,1,1
95,1,1,1,0,0,3333,4200,256,360,1,2
96,1,1,0,0,0,3500,3250,140,360,1,1
97,1,1,3,0,0,9719,0,61,360,1,2
98,1,1,3,0,0,6835,0,188,360,1,1
99,1,0,0,0,0,4452,0,131,360,1,0
100,1,1,1,0,0,3901,0,116,360,1,2
101,1,1,2,1,0,2687,0,50,180,1,0
102,1,0,0,0,0,2243,2233,107,360,1,1
103,0,1,0,0,0,3417,1287,200,360,1,1
104,1,0,0,0,0,1596,1760,119,360,0,2
105,1,1,3,0,0,4513,0,120,360,1,0
106,1,1,0,0,0,4500,0,140,360,1,1
107,1,1,0,1,0,4523,1350,165,360,1,2
108,0,0,0,0,1,4742,0,108,360,1,1
109,1,1,0,0,0,4082,0,93,360,1,1
110,0,0,0,0,0,3417,0,102,360,1,2
111,0,1,2,0,0,2922,3396,122,360,1,1
112,1,1,0,0,0,4167,4754,160,360,1,0
113,1,0,3,0,0,4243,4123,157,360,1,1
114,0,0,0,1,0,0,1760,180,360,1,1
115,1,1,1,0,0,1516,2900,80,341,0,0
116,0,0,0,0,0,1762,2666,104,360,0,2
117,1,1,2,0,0,724,3510,213,360,0,0
118,1,0,0,0,0,3125,0,65,360,1,2
119,1,1,0,0,0,2333,3803,146,360,1,0
120,1,1,3,0,0,3350,1560,135,360,1,2
121,1,0,0,0,0,2500,6414,187,360,0,0
122,0,0,0,0,0,12500,0,300,360,0,2
123,1,0,0,0,0,4667,0,120,360,1,1
124,1,0,0,0,0,6500,0,71,360,0,2
125,1,1,2,0,0,7500,0,225,360,1,2
126,1,0,0,0,0,3073,0,70,180,1,2
127,1,1,1,1,0,3321,2088,70,341,1,1
128,1,1,0,0,0,3333,1270,124,360,1,2
129,1,0,0,0,0,3391,0,132,360,1,0
130,1,1,1,0,1,3343,1517,105,360,1,0
131,0,0,1,0,0,3620,0,90,360,1,2
132,1,0,0,0,0,4000,0,83,84,1,2
133,1,1,0,0,0,4258,0,125,360,1,2
134,1,1,2,0,0,4500,0,147,360,1,0
135,1,1,1,0,0,2014,2925,120,360,1,0
136,1,0,0,0,0,3333,1250,110,360,1,1
137,0,0,3,0,0,4083,0,103,360,1,1
138,1,0,0,0,0,4727,0,150,360,0,0
139,1,1,3,0,0,3089,2999,100,240,1,0
140,1,1,3,1,0,6794,528,139,360,0,2
141,1,1,0,0,1,32000,0,550,360,1,1
142,1,1,2,0,1,10890,0,260,12,1,0
143,0,0,0,0,0,12941,0,150,300,1,2
144,1,0,0,1,0,3276,0,90,360,1,1
145,1,0,0,1,1,8703,0,199,360,0,0
146,1,1,1,0,0,4742,717,139,360,1,1
147,1,0,0,0,0,5900,0,150,360,1,2
148,1,0,0,0,0,3071,4309,180,360,1,2
149,1,1,0,0,0,2783,1456,113,360,1,2
150,1,0,0,0,0,5000,0,148,360,1,0
151,1,1,1,1,0,2463,2360,117,360,0,2
152,1,1,2,0,0,4855,0,72,360,1,0
153,1,0,0,1,1,1599,2474,125,300,1,1
154,1,1,2,0,1,4246,4246,214,360,1,2
155,1,1,0,0,0,4333,2291,133,350,1,0
156,1,0,1,0,0,5823,2529,187,360,1,1
157,1,1,0,1,0,7895,0,143,360,1,0
158,1,0,0,0,0,4150,4256,209,360,1,0
159,1,0,0,0,0,2964,0,84,360,0,1
160,1,0,0,0,0,5583,0,116,360,1,2
161,0,0,0,0,0,2708,0,65,360,1,0
162,1,0,1,0,0,3180,2370,80,240,1,0
163,1,0,0,1,0,2268,0,170,360,0,1
164,1,0,2,1,0,1141,2017,120,360,0,2
165,1,1,0,0,0,3042,3167,135,360,1,2
166,0,1,3,0,0,1750,2935,94,360,0,1
167,0,1,1,0,0,3564,0,79,360,1,0
168,0,0,0,0,0,3958,0,110,360,1,0
169,1,1,2,1,0,4483,0,130,360,1,0
170,1,1,0,0,0,5225,0,143,360,1,0
171,1,0,0,0,0,3017,2845,159,180,0,2
172,1,1,0,1,0,2431,1820,110,360,0,0
173,1,1,2,0,0,4912,4614,160,360,1,0
174,1,1,2,1,0,2500,3333,131,360,1,2
175,0,0,0,0,0,2918,0,65,360,1,0
176,1,1,2,0,0,5128,0,143,360,1,0
177,1,1,3,0,0,15312,0,187,360,1,2
178,1,1,2,0,0,3958,2632,160,360,1,1
179,1,1,0,0,0,4334,2945,165,360,1,1
180,1,1,2,0,0,4358,0,110,360,1,2
181,0,1,1,0,0,4000,3917,173,360,1,0
182,1,1,3,0,0,10166,750,150,341,1,2
183,1,1,0,1,0,4483,0,135,360,1,1
184,1,1,2,1,0,4521,1184,150,360,1,1
185,1,1,2,0,0,9167,0,235,360,1,1
186,1,1,2,0,0,7874,3967,336,360,1,0
187,0,1,1,0,0,4333,0,132,84,1,0
188,1,0,0,0,0,4083,0,96,360,1,2
189,1,1,2,1,0,3785,2912,180,360,0,0
190,1,1,3,1,0,2654,1998,128,360,0,0
191,1,1,1,0,0,10000,2690,412,360,1,1
192,1,0,0,0,1,5833,0,116,360,1,2
193,1,1,1,0,0,4796,0,114,360,0,1
194,1,1,0,1,0,2000,1600,115,360,1,0
195,1,1,2,0,0,2540,700,104,360,0,2
196,1,1,0,0,1,1900,1442,88,360,1,0
197,1,1,0,0,1,8706,0,108,480,1,0
198,1,1,3,1,0,2855,542,90,360,1,2
199,1,1,0,0,0,3016,1300,100,360,1,2
200,0,1,0,0,0,3159,2374,108,360,1,1
201,0,0,0,0,0,1937,1152,78,360,1,1
202,1,1,0,0,0,2613,2417,123,360,1,1
203,1,1,1,0,0,4960,2600,187,360,1,1
204,1,1,1,0,0,3074,1083,146,360,1,1
205,0,0,0,0,0,4213,0,80,360,1,2
206,1,0,1,1,0,2038,4027,100,360,1,0
207,0,0,0,0,0,2362,0,55,360,1,2
208,1,0,0,0,0,5333,2400,200,360,0,0
209,1,1,3,0,1,5384,0,150,360,1,1
210,1,0,0,0,0,5708,0,150,360,1,0
211,1,1,0,1,0,3754,3719,118,341,1,0
212,1,1,0,1,0,2914,2130,150,300,1,2
213,1,1,0,1,0,2747,2458,118,36,1,1
214,1,1,0,0,0,7830,2183,212,360,1,0
215,1,1,1,0,1,3507,3148,212,360,1,0
216,1,1,1,0,0,3747,2139,125,360,1,2
217,1,1,0,0,0,2166,2166,108,360,1,2
218,1,1,0,1,0,3500,2168,149,360,1,0
219,1,1,2,1,0,2896,0,80,480,1,2
220,0,0,1,0,0,5062,0,152,300,1,0
221,0,0,2,0,1,5184,0,187,360,0,1
222,0,0,0,0,0,2545,0,74,360,1,2
223,1,1,0,0,0,2553,1768,102,360,1,2
224,1,1,1,0,0,3436,3809,100,360,1,0
225,1,0,0,0,0,2412,2755,130,360,1,0
226,1,1,3,1,0,5180,0,125,360,0,2
227,1,0,0,0,0,14911,14507,130,360,1,1
228,1,0,0,0,1,2860,2988,138,360,1,2
229,1,1,0,0,0,1173,1594,28,180,1,0
230,0,0,1,0,0,7600,0,92,360,1,1
231,0,1,0,0,0,2157,1788,104,360,1,2
232,1,0,0,0,0,2231,2774,176,360,0,2
233,0,0,0,0,0,2274,5211,117,360,0,1
234,1,1,2,1,0,6166,13983,102,360,1,0
235,1,1,2,1,0,2513,1110,107,360,1,1
236,1,0,0,0,0,4333,0,66,480,1,2
237,1,0,0,1,0,3844,0,105,360,1,2
238,1,1,0,0,0,3887,1517,105,360,0,1
239,1,1,0,0,0,3510,828,105,360,1,1
240,1,1,0,0,0,2539,1704,125,360,0,0
241,0,0,0,1,0,2107,0,64,360,1,1
242,1,1,0,0,0,3186,3145,150,180,0,1
243,1,1,2,0,1,5000,2166,150,360,1,2
244,1,1,0,1,1,3943,0,64,360,1,1
245,1,0,0,0,0,2925,0,40,180,1,0
246,1,1,3,0,0,3242,437,142,480,0,2
247,1,1,0,0,0,3863,0,70,300,1,1
248,0,0,1,0,0,4028,0,131,360,1,1
249,1,1,2,0,0,4010,1025,120,360,1,2
250,0,1,1,0,0,3719,1585,114,360,1,2
251,1,0,0,0,0,2858,0,123,360,0,0
252,0,1,0,0,0,3833,0,92,360,1,0
253,1,1,0,0,0,3333,4288,160,360,1,2
254,1,1,0,0,0,3007,3725,151,360,1,0
255,0,0,1,0,0,1850,4583,81,360,1,0
256,1,1,3,1,0,2792,2619,171,360,1,1
257,1,1,0,0,0,2982,1550,110,360,1,1
258,1,0,0,0,0,3417,738,100,360,1,0
259,1,1,1,0,0,18840,0,234,360,1,0
260,1,1,2,0,0,2995,1120,184,360,1,0
261,1,0,0,0,0,3579,3308,138,360,1,1
262,0,1,1,1,0,3835,1400,112,480,0,2
263,0,0,1,1,0,3854,3575,117,360,1,0
264,1,1,2,0,0,5833,750,49,360,0,0
265,1,0,0,0,0,3508,0,99,360,1,0
266,0,1,3,1,0,1635,2444,99,360,1,2
267,0,0,0,0,1,3333,3916,212,360,1,0
268,1,0,1,0,0,24797,0,240,360,1,1
269,1,1,2,0,0,5667,440,130,360,0,1
270,0,0,0,0,0,3500,0,94,360,0,1
271,1,1,3,0,0,2773,1497,108,360,1,1
272,1,1,0,0,0,6500,0,144,360,1,2
273,0,0,0,0,0,5769,0,110,180,1,1
274,1,1,3,1,0,3634,910,176,360,0,1
275,1,0,0,0,0,29167,0,185,360,1,1
276,1,0,0,0,0,2166,2057,122,360,1,1
277,1,1,0,0,0,5000,0,126,360,1,0
278,0,0,0,0,0,5530,0,135,360,1,2
279,1,0,0,1,0,9000,0,122,360,1,0
280,0,1,2,0,0,10000,11666,460,360,1,2
281,1,1,1,0,0,8750,0,297,360,1,2
282,1,1,0,1,0,2157,2730,140,360,1,0
283,1,0,0,0,0,1972,4347,106,360,1,0
284,1,0,0,0,0,4983,0,141,360,1,2
285,1,1,0,0,0,3667,2000,170,360,1,1
286,1,1,2,0,0,3166,2833,145,360,1,2
287,1,0,0,1,0,3271,0,90,360,1,0
288,0,1,0,0,0,2241,2000,88,360,0,2
289,1,1,1,1,0,1792,2565,128,360,1,2
290,0,1,0,0,0,2666,0,84,480,1,1
291,1,0,0,0,0,6478,0,108,360,1,1
292,1,0,0,1,0,3808,0,83,360,1,0
293,0,1,2,1,0,3729,0,117,360,1,1
294,1,1,2,0,0,4120,0,128,360,1,0
295,1,1,1,0,1,7500,0,75,360,1,2
296,1,1,1,0,0,6300,0,125,360,0,2
297,0,0,0,0,1,14987,0,177,360,1,0
298,1,1,1,1,1,570,2125,68,360,1,0
299,1,1,0,0,0,2600,700,96,360,1,1
300,1,0,2,1,0,2733,1083,180,360,1,1
301,1,1,2,0,1,7500,0,183,360,1,0
302,1,1,2,1,0,3859,0,121,360,1,0
303,1,1,1,0,0,6825,0,162,360,1,0
304,1,1,0,0,0,3708,4700,132,360,1,1
305,1,0,0,0,0,5314,0,147,360,1,2
306,0,0,3,0,0,2366,5272,153,360,0,0
307,1,0,0,0,0,2066,2108,104,84,1,2
308,1,1,2,0,0,5000,0,149,360,1,0
309,0,0,0,0,0,3767,0,134,300,1,2
310,0,1,0,0,0,7859,879,165,180,1,1
311,0,1,0,0,0,4283,0,120,360,1,0
312,1,1,0,1,0,1700,2900,67,360,0,2
313,1,0,0,1,0,4768,0,125,360,1,0
314,1,0,0,0,0,3083,2738,120,360,1,2
315,1,1,1,0,0,2667,1542,148,360,1,0
316,0,1,0,1,0,1647,1762,181,360,1,2
317,1,1,3,0,0,3400,0,80,120,1,2
318,1,0,1,0,0,16000,5000,40,360,1,1
319,1,1,0,0,0,5333,0,90,360,1,0
320,1,0,0,0,0,2875,2416,95,6,0,1
321,1,1,1,1,0,2600,618,122,360,1,1
322,1,1,2,0,0,5041,700,150,360,1,2
323,1,1,3,0,1,6958,1411,150,360,1,0
324,1,1,1,0,0,3500,1658,104,360,1,1
325,1,1,0,0,0,5509,0,143,360,1,0
326,1,1,3,0,0,9699,0,300,360,1,2
327,0,1,1,1,0,3621,2717,171,360,1,2
328,0,1,0,0,0,4709,0,113,360,1,1
329,1,1,0,0,0,1516,1951,35,360,1,1
330,1,0,2,0,0,2400,0,46,360,1,2
331,0,0,0,1,0,3015,2000,145,360,1,2
332,1,1,0,0,0,2292,1558,119,360,1,2
333,1,1,1,0,1,2360,3355,87,240,1,0
334,0,0,0,0,0,4333,2333,162,360,0,0
335,1,1,0,0,1,2623,4831,122,180,1,1
336,1,0,0,0,1,3972,4275,187,360,1,0
337,1,1,3,1,0,3522,0,81,180,1,0
338,1,1,1,0,0,4700,0,80,360,1,2
339,1,0,0,0,0,6858,0,176,360,1,0
340,1,1,3,0,0,8334,0,260,360,1,2
341,1,1,0,0,0,3391,1966,133,360,0,0
342,1,0,0,1,0,2868,0,70,360,1,2
343,1,1,2,1,0,3418,1380,135,360,1,2
344,1,1,0,0,1,2500,296,137,300,1,0
345,1,1,2,0,0,8667,0,254,360,1,0
346,1,0,0,0,0,2283,15000,106,360,1,0
347,1,1,0,0,0,5817,910,109,360,1,2
348,1,1,0,0,0,5119,3769,120,360,1,0
349,1,1,3,1,0,5316,187,158,180,0,1
350,1,1,3,0,0,7603,1213,197,360,1,2
351,1,1,1,0,0,3791,1936,85,360,1,2
352,1,0,0,0,0,2500,0,60,360,1,2
353,1,1,2,1,0,3132,0,76,360,1,0
354,1,0,0,0,0,4000,2667,152,360,1,1
355,0,1,0,0,0,8550,4255,96,360,1,2
356,1,1,1,0,0,2269,2167,99,360,1,1
357,1,1,3,1,1,4009,1777,113,360,1,2
358,1,1,0,0,0,4158,709,115,360,1,2
359,1,0,0,0,0,3250,1993,126,360,1,1
360,1,1,0,0,0,5000,2393,158,360,1,0
361,1,0,0,0,1,9200,0,98,180,1,0
